$ANSIBLE_VAULT;1.1;AES256
34306131336130353831666635646433366138656539353835666163373838653666666461353237
3163383663613063646237303762356337633837646266370a636563623735663736653732326533
66363530646463393030343835333031656364653163663530306533656165653138353830663866
3138323537666465640a323930366164376638353561313464663764633330663037323338623331
34663166386561386237356232386239333263316233323431383364353066613231646436623533
31663063656361373537326362353762356532383130366333313338373361313430633632353064
39616331303835376261653030393230646666646531643764316364646435383030343336356566
35333138386666353465386233653062333438626131356163313539643039363932303733336337
38656433633834373462303732306535383234386333316138613632663239393931623032356139
38666331336164343137383839366465396633393466656632303535396230393533613030646630
32396139613131346635343038616238386536393132613063663265636266353466626531343061
33656632326366343630623863363439383336656438613933616330393739636338393436643637
35366266316235323537623263636336393331353161343765333332333761396166356633663161
39326130313730343162623330663264356634326330626433663731353063343636303736393864
65333638336139366361386463326466373161376134313365333435383436633261393937623831
34376366383562626137343735633763633161386237303033626462616363316632346639316266
61353133363435613634313464613233376566646432643730326337613965653361623030386536
30383763326436333636666466613831353639373264636538633964313462626337646265386230
61333034346333616332333438663732653335376536323936343466333939636133343630366134
65656431646465343438316239316564373261336138623030653835386630353365393833303536
64383833353865653037386236666162393266313039613762323832376263393635376336636264
63353334616336356538616239363164643737333630656230656430613465656130376631366333
64666331633436386133336638663132373132626431663464323664383366383330333531653561
37393338316563636562333561306539383362646665613164653036303661393130326361323131
30633134663935396265646639653633313838386639623838643361373464613839393265346637
35333462663362626436663935393637633961656537303232663332623733336665306438383939
36646539333636363439333837336164323865313862663361363838623734353563626262653463
61383166623634323735376637373135346133656430346334396166616366323564613032626664
66326463613032383237346236653238613933343031663064373633313234623639613130353837
65656162356637613564326366633538643335653935633533626265326338366635343232323761
33653839383234383432306263316132353064356563653731306236633431363832376433393532
37343439306238333838656236663433343462373738643334366134333430663430666232363331
32616465306536613232653034353265363237386433366236636137356362383638303334613864
61353835616231363235646362636561623733393864626163663866343639353335373334336561
61306263373861303065393434636266623534353037323432343366356130613430636664363430
34376164666361653863363636376635336337383835303165383265623764316638643136646635
63303330633932663361316232336362613231383365353264343338623662343730623536363238
34656539313862323337303134633231613532366233366130356636366339313063373034383238
61623934613039316665393732303035303639643163386630656530316433336665613333633764
30646361333230653363653866303433306135353731346261666637386134333138616261383732
39326331666132363963333334383064373663333032326639623033386664313064376630373862
33663234656466303139376537626534346531396631396265333138313562666135613734393665
62656564633962313534633366343236356439663833386162643530336438383337656135313633
36646633356436303637383738303231326561663565326465643935623263386563636239643465
61613730646438633531613763333965613561363161383663383938363039616537323263646237
30373937616465326537303430633662336630663963376563353663626665623561633533373965
32626366343764616437396164303164323462376564303039326563333937643035313565613036
32353930393531656665316433623366353762663531666233396662323938363637633962643265
63663632353662313438653038343163356632333265616265366337323036613434656333323961
30313639303836663935323138396137663032343062613135656538396636303632373663663139
66336665623534666232386232393463623836323932333938646134323832383066383764643732
31323366316235386566376536333132663762643037303137376562346136363637633562383330
36396461303664303435616633313564346463663736383464313838353334356237326564616438
62353965613566323134613737383431323730646462393830633863626162636330646565663163
38353031343435386565303066323936386634656364386130366433333130303962633062366663
64643733663538623866656232376565636638623937323062326166306138363738373532653261
36636165333837313362343030323438623463633262663461666366656264393332343533313766
39393831616464626666353864663237373866323936643735386235353337643638316136303566
31613832393534323631613538353238353737313463666531643638333961343332613732656533
32313264316532623132323662643037373537666662376563373938373562663835376632653562
65396634326534643433343538623836313938343839333938636331623030373761616561623634
66376163303936363336663933356234323538363834613731613835646238333237623333326130
34666364653831666130613338303561323564383434363137363536306538616430643737343665
38656136316439313934353031386565643965663037613665303432633563653339653932613130
36613363653738313065376433393232653731313764393462663930636638333262363364646235
62383431336236613333363861356261613735313536633135313638323830386465386530623261
36336662333632613333633663373735396532633465373937636161336430653734346163363466
35346236663336383265653735356564383864393033356531386531363536653965363832633862
32616661343566386538613366313839373838653766633339343064666531633261636461656664
63343336306134633630316535363934363730353961643733366466363363343232346331643536
35386664633264336631623565663464343863623139366238623266313537633761313937316136
33336166386637376633626337336366363937353434303962613631333031316562303431383366
35373835366237396462646264333663653933383539343737653763616534366166373030663165
38393435316366643138343732363533613364373830393433363537313530626132326335393161
30643165613934373837623463366233633936313966373936383335396238653132333838303636
63303166336438383737323338363166613461623662323034383832653065393534653365623462
38653464326437663762376432386361343832343463663231633834613932343936376530636232
35383063313638396266316161336638653630353561616532326536616261356561646361343261
36393739373466323934393566323831306534356264666666653636336432373331396239303061
62626663316136326138613534366561303863666163616561303963306237653832326164646164
33316631616138656333623763356366373535323066633639336433323462303266343061646133
62326336326237313766336330656366356439613830636234633664643266323637303939373932
33393234393865613935363266666165366663313339393934393766343535313163616431353234
37313831636636663538383838393066383732626139393161386665663562303261336165343833
66343130623662323765633161396338343039656665633635313161633065376531323036643263
64613464353234353562613739343962363261373032346430313630343262626630346337343235
38623462346530326636373834303965356538363537366337366363623432313931343435663137
35643533363938313534
